[[ 4.71833674e-03 -4.21084138e-03  4.95938770e-02 ... -4.71253842e-02
   8.71237926e-03 -7.81803951e-03]
 [ 2.31600273e-02 -3.95182334e-03  6.29773363e-02 ... -4.93590906e-02
   1.81310661e-02  6.29007909e-03]
 [ 1.86284073e-02 -2.78594398e-05  5.37757240e-02 ... -4.69220169e-02
   9.75330174e-03 -9.57429782e-03]
 ...
 [-3.48002650e-02  1.90883670e-02  5.57901226e-02 ... -4.05074693e-02
   2.76459102e-03 -4.63620946e-03]
 [ 7.30581162e-03  3.49061228e-02  6.59749359e-02 ... -4.02033143e-02
  -1.73829240e-03 -2.58390373e-03]
 [-9.12171230e-03  3.97302955e-02  6.95673376e-02 ... -3.59266959e-02
  -1.96213322e-03 -1.02621014e-03]]