[[-2.75650436e-05  6.96841671e-05 -7.81347990e-05 ...  5.48954813e-05
  -4.80052722e-06 -3.80187412e-05]
 [-1.24253465e-05 -9.81075573e-06 -8.92692260e-05 ... -8.08263337e-07
   1.92046173e-06 -6.10737834e-06]
 [-7.13196350e-05  5.24700954e-05 -7.64941524e-06 ... -2.08355868e-05
   2.39923156e-05 -1.51354670e-05]
 ...
 [ 1.20829043e-06  1.26162640e-05 -2.03952641e-05 ...  1.12687085e-05
   9.33662432e-06  1.92893185e-06]
 [ 1.31053730e-05  3.10155747e-06 -6.10768984e-05 ... -1.46045159e-05
   6.37474477e-06  1.02130998e-05]
 [-7.85529846e-06  2.31753256e-05 -7.70544139e-05 ...  7.53738732e-07
   1.07430506e-05  7.97927805e-06]]